ISS (ZARYA)             
1 25544U 98067A   23333.21264824  .00022361  00000+0  39993-3 0  9992
2 25544  51.6433 231.1653 0000801 351.1642 144.3757 15.49910046427380
ISS DEB                 
1 47853U 98067RZ  23332.84532435  .00089292  00000+0  38580-3 0  9990
2 47853  51.6265 172.6447 0003485 172.8027 187.3027 15.84180554154753
CSS (TIANHE)            
1 48274U 21035A   23333.14128675  .00045623  00000+0  48976-3 0  9990
2 48274  41.4703 231.4495 0007434 242.6904 117.3179 15.62941526147629
ISS (NAUKA)             
1 49044U 21066A   23332.75409133  .00022671  00000+0  40563-3 0  9999
2 49044  51.6432 233.4378 0001074 352.9445 102.3238 15.49890440427318
FREGAT DEB              
1 49271U 11037PF  23332.67326900  .00025542  00000+0  54628-1 0  9994
2 49271  51.6492 201.8032 1021338  57.9323 311.6613 12.10369147110754
CSS (WENTIAN)           
1 53239U 22085A   23332.75789244  .00046216  00000+0  49674-3 0  9999
2 53239  41.4706 233.7897 0007406 240.1708 119.8395 15.62905830147562
CSS (MENGTIAN)          
1 54216U 22143A   23332.75789244  .00046216  00000+0  49674-3 0  9990
2 54216  41.4706 233.7897 0007406 240.1708 119.8395 15.62905830147568
ISS DEB (SPX-26 IPA FSE)
1 55448U 98067VB  23332.97130484  .00344209  58125-4  84787-3 0  9999
2 55448  51.6251 198.1517 0003174 181.4365 178.6635 15.95488167 47183
ISS DEB                 
1 56434U 98067VJ  23333.04566352  .00444186  89135-4  11789-2 0  9992
2 56434  51.6258 210.7194 0004981 174.7525 185.3536 15.94051252 32761
TIANZHOU-6              
1 56446U 23063A   23332.75789244  .00046216  00000+0  49674-3 0  9999
2 56446  41.4706 233.7897 0007406 240.1708 119.8395 15.62905830147565
PROGRESS-MS 23          
1 56740U 23071A   23332.75409133  .00022671  00000+0  40563-3 0  9998
2 56740  51.6432 233.4378 0001074 352.9445 102.3238 15.49890440 29182
ISS DEB                 
1 57212U 98067VP  23332.12863856  .00060795  00000+0  67459-3 0  9999
2 57212  51.6356 230.2180 0000453 222.2419 137.8541 15.62344105 24236
1998-067VQ              
1 57312U 98067VQ  23333.14823551  .00263516  00000+0  13759-2 0  9990
2 57312  51.6317 219.7476 0007424 145.1289 215.0200 15.79534144 22766
1998-067VR              
1 57313U 98067VR  23333.15589164  .00175664  00000+0  12093-2 0  9997
2 57313  51.6324 221.3092 0006974 143.6773 216.4701 15.73531832 22753
1998-067VT              
1 57315U 98067VT  23333.13219722  .00274437  00000+0  13970-2 0  9990
2 57315  51.6300 219.6263 0007351 144.7102 215.4388 15.80062496 22772
MOONLIGHTER             
1 57316U 98067VU  23332.96475990  .00253763  00000+0  20403-2 0  9990
2 57316  51.6332 222.2891 0002155 116.9656 243.1562 15.69620245 22712
MAYA-5                  
1 57419U 98067VW  23333.06552307  .01008923  51208-3  18813-2 0  9993
2 57419  51.6214 216.8532 0008012 190.1350 169.9499 16.00417109 20800
MAYA-6                  
1 57420U 98067VX  23333.04354535  .00783401  27994-3  18210-2 0  9992
2 57420  51.6199 217.4548 0007635 184.0254 176.0694 15.96459382 20790
CYGNUS NG-19            
1 57488U 23110A   23332.75409133  .00022671  00000+0  40563-3 0  9992
2 57488  51.6432 233.4378 0001074 352.9445 102.3238 15.49890440427319
PROGRESS-MS 24          
1 57691U 23125A   23332.75409133  .00022671  00000+0  40563-3 0  9994
2 57691  51.6432 233.4378 0001074 352.9445 102.3238 15.49890440427315
CREW DRAGON 7           
1 57697U 23128A   23332.75409133  .00022671  00000+0  40563-3 0  9993
2 57697  51.6432 233.4378 0001074 352.9445 102.3238 15.49890440427311
SOYUZ-MS 24             
1 57862U 23143A   23332.75409133  .00022671  00000+0  40563-3 0  9994
2 57862  51.6432 233.4378 0001074 352.9445 102.3238 15.49890440427315
SHENZHOU-17 (SZ-17)     
1 58146U 23164A   23332.75789244  .00046216  00000+0  49674-3 0  9990
2 58146  41.4706 233.7897 0007406 240.1708 119.8395 15.62905830147564
ISS DEB                 
1 58174U 98067WA  23332.94038866  .00094662  00000+0  13802-2 0  9994
2 58174  51.6389 231.8878 0004111 173.3947 186.7098 15.54904966  5336
ISS DEB                 
1 58229U 98067WC  23333.09642751  .00052889  00000+0  84716-3 0  9994
2 58229  51.6395 231.4300 0002459 174.6683 185.4334 15.52573381  4142
DRAGON CRS-29           
1 58255U 23173A   23332.75409133  .00022671  00000+0  40563-3 0  9994
2 58255  51.6432 233.4378 0001074 352.9445 102.3238 15.49890440427312
